PYTHON(REQUESTS): 2019-09-21 11:19:38.493890 Tested 3172 Found: 843 good proxies in 0:00:23.041348
GROOVY: 2019-09-21 11:30:55 Tested: 3316 found 761 good proxies in 50.706 s